427 2580
0 350 19.8334
0 1 17.3845
0 17 17.8126
0 18 17.0582
0 45 15.9357
0 351 10.28
0 422 11.1898
1 0 17.3845
1 2 20.8694
1 18 20.1937
1 19 22.5628
1 168 18.1268
1 183 19.827
2 1 20.8694
2 16 6.8656
2 168 3.21139
2 183 5.03249
3 199 17.4704
3 356 10.944
3 353 13.9189
3 4 15.1438
3 20 21.1743
3 21 17.951
3 52 20.1648
3 184 15.6612
3 198 20.8041
3 355 14.1669
4 353 7.48538
4 3 15.1438
4 5 9.49409
4 6 9.66266
4 7 7.60194
5 353 7.17153
5 4 9.49409
5 6 9.00187
5 352 7.60308
6 4 9.66266
6 5 9.00187
6 7 8.71811
6 424 6.64182
6 426 10.7977
7 4 7.60194
7 6 8.71811
7 426 4.00563
8 9 0.934222
8 12 0.938663
8 25 1.57908
8 27 2.65611
8 28 1.94386
9 306 2.0449
9 8 0.934222
9 10 0.874492
9 11 1.73608
9 28 2.14411
10 306 1.50167
10 9 0.874492
10 11 1.60195
10 308 2.29045
10 303 1.37279
10 320 1.78111
11 302 2.20714
11 9 1.73608
11 10 1.60195
11 303 0.903704
12 8 0.938663
12 25 1.20301
12 26 1.40794
13 14 3.90304
13 32 3.01658
13 68 2.68062
13 176 2.23581
13 179 1.22527
13 180 2.15057
14 13 3.90304
14 166 2.37478
14 15 2.03067
14 32 1.6417
15 14 2.03067
15 32 1.03509
15 33 1.76093
15 36 2.15828
16 2 6.8656
16 19 4.60295
16 43 5.83889
16 75 7.51093
16 183 5.91494
17 0 17.8126
17 18 4.80786
17 38 4.55225
17 40 2.4602
17 44 4.16124
17 45 6.15583
18 0 17.0582
18 1 20.1937
18 17 4.80786
18 19 4.96649
18 40 5.1501
19 1 22.5628
19 16 4.60295
19 18 4.96649
19 40 6.03544
19 43 4.12241
19 183 3.5701
20 3 21.1743
20 21 4.63373
20 49 4.10924
20 51 3.55928
20 52 4.81456
20 371 5.22016
21 22 8.55731
21 3 17.951
21 20 4.63373
21 23 7.31759
21 24 9.07854
21 355 5.21476
21 371 8.66228
22 361 4.87276
22 21 8.55731
22 23 7.84916
22 82 7.5937
22 83 6.61954
22 371 1.52459
23 22 7.84916
23 361 6.3707
23 21 7.31759
23 24 4.92224
24 354 5.76455
24 21 9.07854
24 23 4.92224
24 355 8.04623
24 352 3.69232
25 8 1.57908
25 12 1.20301
25 26 1.8352
25 27 1.49736
25 28 1.69524
25 29 1.55758
26 12 1.40794
26 25 1.8352
26 29 2.6471
26 95 1.68735
26 90 2.22832
26 91 2.13389
26 167 1.95938
27 8 2.65611
27 25 1.49736
27 28 1.27667
27 29 1.33858
27 30 1.58896
27 31 1.90818
27 311 1.69182
28 306 0.884455
28 8 1.94386
28 9 2.14411
28 25 1.69524
28 27 1.27667
28 311 1.3063
29 25 1.55758
29 26 2.6471
29 27 1.33858
29 30 2.15782
29 56 2.90178
29 55 2.30007
29 90 1.28291
29 92 2.03427
30 27 1.58896
30 29 2.15782
30 31 1.23647
30 56 1.40773
30 55 1.84566
30 89 1.64518
31 27 1.90818
31 30 1.23647
31 89 1.9525
31 311 1.07961
31 317 1.09991
32 13 3.01658
32 14 1.6417
32 15 1.03509
32 33 2.29258
32 68 1.84165
33 34 3.10481
33 15 1.76093
33 32 2.29258
33 35 2.66916
33 36 1.0473
33 68 1.63628
33 69 1.41895
34 57 1.77421
34 59 1.15208
34 33 3.10481
34 35 1.2993
34 37 2.23988
34 67 1.43926
34 69 2.02583
35 34 1.2993
35 33 2.66916
35 36 1.90156
35 37 2.42
35 96 2.30577
36 15 2.15828
36 33 1.0473
36 35 1.90156
37 34 2.23988
37 35 2.42
37 66 1.70761
37 67 1.58664
37 95 2.25084
37 91 2.3527
37 96 0.798106
37 167 2.32921
38 17 4.55225
38 39 4.26658
38 40 4.39064
38 44 3.16257
38 46 3.64602
38 76 2.37818
39 38 4.26658
39 40 3.6824
39 41 7.78229
39 42 2.77884
39 43 3.51898
39 70 6.60847
39 75 5.07642
39 76 5.1835
40 17 2.4602
40 18 5.1501
40 19 6.03544
40 38 4.39064
40 39 3.6824
40 43 3.68364
41 73 8.09742
41 39 7.78229
41 42 5.14823
41 70 5.43796
41 71 3.89119
41 74 4.2684
41 75 7.07841
41 76 7.2123
41 72 3.59599
41 116 6.76426
41 169 3.93934
42 39 2.77884
42 41 5.14823
42 75 3.80977
43 16 5.83889
43 19 4.12241
43 39 3.51898
43 40 3.68364
43 75 5.55843
44 17 4.16124
44 38 3.16257
44 45 3.15668
44 46 3.71496
45 0 15.9357
45 17 6.15583
45 44 3.15668
45 46 5.54258
45 80 5.70233
45 364 4.99059
45 422 6.56209
45 423 3.91494
46 38 3.64602
46 44 3.71496
46 45 5.54258
46 70 4.24026
46 71 6.97939
46 76 2.84912
46 77 6.59999
46 78 7.07413
46 80 3.27079
46 79 3.71084
46 423 4.63673
47 48 1.13863
47 49 2.18003
47 379 2.09895
47 371 1.5039
47 372 3.10149
48 47 1.13863
48 50 1.1341
48 49 2.57971
48 51 2.97
48 54 3.21245
48 378 3.79403
48 379 1.51585
49 47 2.18003
49 20 4.10924
49 50 2.37693
49 48 2.57971
49 51 3.74328
49 371 1.12008
50 48 1.1341
50 49 2.37693
50 51 1.9196
50 54 3.01319
51 20 3.55928
51 50 1.9196
51 48 2.97
51 49 3.74328
51 52 4.81121
51 53 4.31265
51 54 2.72564
52 199 9.75016
52 3 20.1648
52 20 4.81456
52 51 4.81121
52 53 4.43152
52 211 4.31777
53 51 4.31265
53 52 4.43152
53 54 3.4743
53 87 4.00646
53 236 4.10344
53 237 2.82742
53 211 5.27934
53 235 3.19448
54 50 3.01319
54 48 3.21245
54 51 2.72564
54 53 3.4743
54 87 2.60546
54 378 2.09004
54 379 2.85604
55 29 2.30007
55 30 1.84566
55 56 1.12325
55 92 1.56967
55 97 1.54561
56 29 2.90178
56 30 1.40773
56 55 1.12325
56 88 1.77324
56 89 1.23046
56 97 1.78236
57 99 2.7272
57 34 1.77421
57 58 1.69357
57 59 1.5949
57 64 1.65378
57 66 2.34184
57 67 1.51349
58 99 3.25877
58 57 1.69357
58 59 1.75302
58 61 1.16337
58 62 3.35674
58 60 2.10004
58 64 2.84017
58 69 2.51467
58 100 3.18197
59 57 1.5949
59 34 1.15208
59 58 1.75302
59 60 2.61909
59 69 1.30415
60 58 2.10004
60 59 2.61909
60 61 2.34945
60 68 2.22707
60 69 2.19501
60 176 3.63448
60 178 4.49768
60 180 1.63864
61 58 1.16337
61 62 2.98338
61 60 2.34945
61 100 2.53129
61 103 1.72866
61 178 4.37659
62 99 0.829568
62 58 3.35674
62 61 2.98338
62 98 2.54787
62 100 0.858799
63 99 1.31976
63 94 1.66963
63 64 1.49842
63 65 1.85174
63 92 2.19486
63 98 2.63079
64 99 1.39328
64 57 1.65378
64 58 2.84017
64 63 1.49842
64 65 2.44258
64 66 2.11739
64 67 2.21923
65 94 2.44789
65 63 1.85174
65 64 2.44258
65 66 2.09579
65 93 0.942319
65 90 1.43597
65 91 1.79931
65 92 1.5689
66 57 2.34184
66 64 2.11739
66 37 1.70761
66 65 2.09579
66 67 1.22379
66 93 1.15389
66 95 2.23203
66 91 1.57937
67 57 1.51349
67 34 1.43926
67 64 2.21923
67 37 1.58664
67 66 1.22379
68 13 2.68062
68 60 2.22707
68 32 1.84165
68 33 1.63628
68 69 2.24681
68 179 1.47438
68 180 1.90803
69 34 2.02583
69 58 2.51467
69 59 1.30415
69 60 2.19501
69 33 1.41895
69 68 2.24681
70 39 6.60847
70 41 5.43796
70 46 4.24026
70 71 2.9868
70 76 2.52418
71 41 3.89119
71 46 6.97939
71 70 2.9868
71 77 2.44182
71 72 2.65378
71 78 1.95091
72 41 3.59599
72 71 2.65378
72 78 3.2972
72 116 3.83142
72 119 2.70034
72 182 1.93786
73 108 4.15045
73 107 3.86542
73 41 8.09742
73 74 6.29668
73 111 4.41086
73 116 2.89811
73 173 4.96633
73 170 5.208
73 172 5.12669
73 174 2.73214
73 175 2.4827
74 73 6.29668
74 41 4.2684
74 169 3.5656
74 170 1.49073
75 16 7.51093
75 39 5.07642
75 41 7.07841
75 42 3.80977
75 43 5.55843
75 169 5.00301
76 38 2.37818
76 39 5.1835
76 41 7.2123
76 46 2.84912
76 70 2.52418
77 46 6.59999
77 71 2.44182
77 78 0.718829
77 79 3.2809
77 118 1.92314
77 119 2.80802
77 373 1.73623
78 46 7.07413
78 71 1.95091
78 77 0.718829
78 72 3.2972
78 118 1.83638
78 119 2.32045
79 46 3.71084
79 77 3.2809
79 80 4.18305
79 118 4.88633
79 374 2.20003
79 375 2.31309
79 373 3.17664
80 45 5.70233
80 46 3.27079
80 79 4.18305
80 368 4.39338
80 375 2.5519
80 376 3.21719
80 369 4.37635
80 423 2.52575
81 82 3.81409
81 83 4.84539
81 120 1.69295
81 121 0.826827
81 123 2.99856
81 126 1.92335
81 370 1.40929
82 22 7.5937
82 81 3.81409
82 86 5.12204
82 83 2.2954
82 84 2.30233
82 85 2.71031
82 121 4.04812
82 371 6.8185
82 372 2.60913
83 22 6.61954
83 361 8.42183
83 81 4.84539
83 82 2.2954
83 366 2.68106
83 370 4.0415
84 381 1.79047
84 82 2.30233
84 85 1.88032
84 131 2.82572
84 132 1.98788
84 378 2.98085
84 380 2.13693
84 372 2.44011
85 82 2.71031
85 86 3.13977
85 84 1.88032
85 121 3.4051
85 132 1.77942
85 130 2.81926
85 421 1.52658
86 82 5.12204
86 85 3.13977
86 121 2.25233
86 122 2.08616
86 124 1.50242
86 129 3.15541
86 130 1.91248
86 421 1.96006
87 53 4.00646
87 54 2.60546
87 131 2.68398
87 155 3.09047
87 236 1.76566
87 378 1.80648
88 150 1.33968
88 56 1.77324
88 89 1.46881
88 97 2.1883
88 133 2.50246
88 134 1.56877
88 315 2.03581
89 150 2.07104
89 30 1.64518
89 31 1.9525
89 56 1.23046
89 88 1.46881
89 315 1.55633
89 317 1.63089
90 26 2.22832
90 29 1.28291
90 65 1.43597
90 91 1.82462
90 92 1.79496
91 26 2.13389
91 37 2.3527
91 65 1.79931
91 66 1.57937
91 93 1.36823
91 95 0.996403
91 90 1.82462
92 94 1.50675
92 63 2.19486
92 29 2.03427
92 55 1.56967
92 65 1.5689
92 90 1.79496
92 97 2.49936
93 65 0.942319
93 66 1.15389
93 91 1.36823
94 99 2.59751
94 63 1.66963
94 65 2.44789
94 92 1.50675
94 97 1.95848
94 98 1.76865
95 26 1.68735
95 37 2.25084
95 66 2.23203
95 91 0.996403
95 96 2.58057
95 167 0.947047
96 35 2.30577
96 37 0.798106
96 95 2.58057
96 167 2.34988
97 94 1.95848
97 56 1.78236
97 55 1.54561
97 92 2.49936
97 88 2.1883
97 98 2.43894
97 133 1.41345
98 99 2.70276
98 94 1.76865
98 62 2.54787
98 63 2.63079
98 97 2.43894
98 100 3.0818
98 101 1.15503
98 133 2.23172
98 138 2.25699
99 57 2.7272
99 94 2.59751
99 58 3.25877
99 62 0.829568
99 63 1.31976
99 64 1.39328
99 98 2.70276
100 58 3.18197
100 61 2.53129
100 62 0.858799
100 98 3.0818
100 101 2.99244
100 102 1.7051
100 103 1.27803
101 98 1.15503
101 100 2.99244
101 102 2.27298
101 105 1.5072
101 133 2.66597
101 137 2.86625
101 138 2.11857
102 100 1.7051
102 101 2.27298
102 103 2.16067
102 104 2.21469
102 105 3.00095
102 136 3.10143
102 141 1.96562
102 142 2.23645
103 61 1.72866
103 100 1.27803
103 102 2.16067
103 104 1.63832
103 178 4.36136
104 143 2.60126
104 102 2.21469
104 103 1.63832
104 142 1.5179
104 181 2.50397
104 178 3.41187
105 101 1.5072
105 102 3.00095
105 135 2.08822
105 136 1.78312
105 137 2.09007
105 138 1.8226
105 141 2.62606
106 108 1.99872
106 143 2.53604
106 144 2.19735
106 107 2.20335
106 109 3.62229
106 110 3.03259
106 139 3.54041
106 140 1.86727
107 73 3.86542
107 108 2.77889
107 109 2.86558
107 106 2.20335
107 110 3.19516
107 111 2.37438
107 114 1.64751
107 116 4.41117
108 73 4.15045
108 144 1.71792
108 107 2.77889
108 106 1.99872
108 172 1.54246
109 107 2.86558
109 106 3.62229
109 110 1.34441
109 113 1.12123
109 114 1.85115
109 160 2.93306
109 405 1.95581
110 107 3.19516
110 109 1.34441
110 106 3.03259
110 139 1.62516
110 140 3.00519
110 160 2.51663
110 405 2.86417
111 73 4.41086
111 107 2.37438
111 112 1.67534
111 113 2.08678
111 114 1.12301
111 115 1.79046
111 116 3.25419
112 111 1.67534
112 113 1.55192
112 114 2.14681
112 115 1.82594
112 147 2.48347
112 149 1.16641
112 405 2.49051
113 109 1.12123
113 111 2.08678
113 112 1.55192
113 114 1.63459
113 149 2.18695
113 405 1.61337
114 107 1.64751
114 109 1.85115
114 111 1.12301
114 112 2.14681
114 113 1.63459
115 117 1.70431
115 111 1.79046
115 112 1.82594
115 116 2.75656
115 147 2.08695
115 149 2.50709
116 73 2.89811
116 107 4.41117
116 41 6.76426
116 72 3.83142
116 117 3.08525
116 111 3.25419
116 115 2.75656
116 119 3.99306
116 182 2.23488
117 145 1.61577
117 115 1.70431
117 116 3.08525
117 119 2.08757
117 147 1.74298
118 145 1.84086
118 77 1.92314
118 78 1.83638
118 79 4.88633
118 146 1.42852
118 119 1.51278
118 373 2.02914
119 145 1.95082
119 77 2.80802
119 72 2.70034
119 78 2.32045
119 117 2.08757
119 118 1.51278
119 116 3.99306
119 182 2.00775
120 81 1.69295
120 121 1.39376
120 123 1.3649
120 124 1.27395
121 81 0.826827
121 82 4.04812
121 86 2.25233
121 85 3.4051
121 120 1.39376
121 124 1.62527
122 86 2.08616
122 123 1.82132
122 124 1.86753
122 129 1.38817
122 345 1.30454
123 81 2.99856
123 120 1.3649
123 122 1.82132
123 124 1.1861
123 125 2.26404
123 126 2.67836
123 344 2.32909
123 345 1.79476
124 86 1.50242
124 120 1.27395
124 121 1.62527
124 122 1.86753
124 123 1.1861
125 409 2.70976
125 123 2.26404
125 127 1.66146
125 165 2.94604
125 344 2.28929
125 345 1.69998
125 346 1.91738
125 410 1.01131
125 411 2.87408
126 81 1.92335
126 123 2.67836
126 344 2.17223
126 397 3.13337
126 370 2.12489
126 401 1.59179
127 416 0.836998
127 129 2.05392
127 125 1.66146
127 128 1.50003
127 345 1.10663
127 346 1.81653
128 416 1.39676
128 129 1.65055
128 127 1.50003
128 156 1.59294
128 288 1.42859
128 318 1.70155
128 345 2.16072
129 151 1.16975
129 86 3.15541
129 122 1.38817
129 127 2.05392
129 128 1.65055
129 130 3.83274
129 152 3.32212
129 156 1.50268
129 345 1.75155
130 86 1.91248
130 85 2.81926
130 131 3.62441
130 129 3.83274
130 132 3.01812
130 152 1.80313
130 153 1.97098
130 154 0.73825
130 421 1.32075
131 87 2.68398
131 84 2.82572
131 132 1.19684
131 130 3.62441
131 153 2.40381
131 155 2.09339
131 378 2.89386
132 84 1.98788
132 85 1.77942
132 131 1.19684
132 130 3.01812
132 153 2.51989
132 421 2.26133
133 88 2.50246
133 97 1.41345
133 98 2.23172
133 101 2.66597
133 134 1.82366
133 138 1.18797
133 414 1.8255
134 150 2.03989
134 88 1.56877
134 133 1.82366
134 138 2.40967
134 414 1.10196
134 411 1.54483
135 105 2.08822
135 136 1.5444
135 137 2.84148
135 139 2.53432
135 158 3.02276
135 159 1.25287
135 160 3.25467
136 102 3.10143
136 105 1.78312
136 135 1.5444
136 139 2.33525
136 140 3.04936
136 141 1.57856
137 101 2.86625
137 105 2.09007
137 135 2.84148
137 138 0.920629
137 158 1.31883
137 159 2.75104
137 165 2.92061
137 414 1.32691
137 411 3.26086
138 98 2.25699
138 101 2.11857
138 105 1.8226
138 133 1.18797
138 134 2.40967
138 137 0.920629
138 414 1.78861
139 106 3.54041
139 110 1.62516
139 135 2.53432
139 136 2.33525
139 140 2.54953
139 141 3.06594
139 159 3.32311
139 160 2.40341
140 143 1.96269
140 106 1.86727
140 110 3.00519
140 136 3.04936
140 139 2.54953
140 141 2.28008
140 142 2.30144
141 102 1.96562
141 105 2.62606
141 136 1.57856
141 139 3.06594
141 140 2.28008
141 142 1.94052
142 143 1.59021
142 102 2.23645
142 104 1.5179
142 140 2.30144
142 141 1.94052
142 181 2.39139
143 144 1.44639
143 104 2.60126
143 106 2.53604
143 140 1.96269
143 142 1.59021
143 181 1.49013
144 108 1.71792
144 143 1.44639
144 106 2.19735
144 181 1.71614
144 172 1.397
145 117 1.61577
145 118 1.84086
145 146 1.8568
145 119 1.95082
145 147 1.72147
145 420 1.2505
146 145 1.8568
146 118 1.42852
146 148 3.72207
146 374 3.40166
146 377 3.31558
146 373 1.82232
146 419 1.34943
146 420 2.33189
147 145 1.72147
147 117 1.74298
147 112 2.48347
147 115 2.08695
147 148 1.51896
147 149 2.08107
147 420 1.07701
148 146 3.72207
148 147 1.51896
148 149 1.87646
148 394 1.94384
148 403 3.58832
148 405 3.86326
148 406 1.5041
148 419 3.22313
148 420 1.56268
149 112 1.16641
149 113 2.18695
149 115 2.50709
149 147 2.08107
149 148 1.87646
149 405 2.30615
150 88 1.33968
150 89 2.07104
150 134 2.03989
150 315 1.45141
150 346 1.74494
150 415 0.946254
150 411 1.79233
151 129 1.16975
151 152 2.54339
151 156 1.05966
151 157 2.32318
151 298 1.22116
151 300 1.23644
152 151 2.54339
152 129 3.32212
152 130 1.80313
152 153 2.24561
152 154 1.08037
152 292 1.47228
152 293 2.43611
152 300 1.34481
153 131 2.40381
153 132 2.51989
153 130 1.97098
153 152 2.24561
153 154 2.00539
153 155 2.35072
153 293 1.71584
154 130 0.73825
154 152 1.08037
154 153 2.00539
155 87 3.09047
155 131 2.09339
155 153 2.35072
155 236 2.32772
155 293 2.43372
155 335 2.29025
155 338 2.18556
156 151 1.05966
156 129 1.50268
156 128 1.59294
156 157 1.7682
156 288 1.36811
156 289 2.20769
156 298 1.44477
157 151 2.32318
157 156 1.7682
157 288 2.03728
157 289 1.28974
157 295 1.13041
157 296 1.59135
157 298 1.43788
157 299 1.6215
158 135 3.02276
158 137 1.31883
158 159 2.36007
158 162 1.84793
158 165 1.99337
158 412 2.09929
159 135 1.25287
159 137 2.75104
159 139 3.32311
159 158 2.36007
159 160 3.09772
159 161 3.1559
159 162 1.23834
160 109 2.93306
160 110 2.51663
160 135 3.25467
160 139 2.40341
160 159 3.09772
160 161 2.45755
160 163 2.83057
160 403 2.97446
160 405 2.59997
161 159 3.1559
161 160 2.45755
161 162 2.91258
161 163 1.86069
161 164 4.11818
161 407 2.05876
161 412 3.05377
162 158 1.84793
162 159 1.23834
162 161 2.91258
162 165 3.22067
162 412 1.1223
163 160 2.83057
163 161 1.86069
163 164 3.47301
163 403 2.24607
163 404 1.99108
163 405 3.19008
164 161 4.11818
164 163 3.47301
164 398 3.60165
164 399 2.66563
164 390 4.08156
164 396 1.68195
164 402 2.96118
164 404 3.02505
164 407 3.62549
165 409 1.07835
165 125 2.94604
165 137 2.92061
165 158 1.99337
165 162 3.22067
165 346 2.24981
165 414 1.86267
165 410 2.53638
165 411 1.16204
165 412 2.67691
166 14 2.37478
167 26 1.95938
167 37 2.32921
167 95 0.947047
167 96 2.34988
168 1 18.1268
168 2 3.21139
168 183 3.42028
169 41 3.93934
169 74 3.5656
169 75 5.00301
169 170 5.01522
170 73 5.208
170 74 1.49073
170 169 5.01522
170 171 5.15364
170 175 3.17388
171 173 3.48771
171 170 5.15364
171 174 1.8874
171 175 2.56319
171 178 7.23064
172 73 5.12669
172 108 1.54246
172 144 1.397
172 173 1.59181
172 181 2.40708
172 178 3.60343
173 73 4.96633
173 171 3.48771
173 172 1.59181
173 174 2.48472
173 178 3.90631
174 73 2.73214
174 173 2.48472
174 171 1.8874
174 175 2.95537
175 73 2.4827
175 170 3.17388
175 171 2.56319
175 174 2.95537
176 13 2.23581
176 60 3.63448
176 177 1.79644
176 178 3.22958
176 179 2.70662
176 180 2.23602
177 176 1.79644
177 178 2.46886
178 61 4.37659
178 60 4.49768
178 103 4.36136
178 104 3.41187
178 173 3.90631
178 181 2.20093
178 171 7.23064
178 172 3.60343
178 176 3.22958
178 177 2.46886
178 180 4.20223
179 13 1.22527
179 68 1.47438
179 176 2.70662
179 180 1.39286
180 13 2.15057
180 60 1.63864
180 68 1.90803
180 176 2.23602
180 178 4.20223
180 179 1.39286
181 143 1.49013
181 144 1.71614
181 104 2.50397
181 142 2.39139
181 172 2.40708
181 178 2.20093
182 72 1.93786
182 116 2.23488
182 119 2.00775
183 1 19.827
183 2 5.03249
183 16 5.91494
183 19 3.5701
183 168 3.42028
184 3 15.6612
184 185 17.2803
184 187 9.62763
184 190 10.0031
184 191 12.3793
184 192 23.1848
184 198 13.3893
185 184 17.2803
185 186 7.98373
185 189 18.7907
185 191 5.27673
186 347 11.0071
186 185 7.98373
187 184 9.62763
187 188 13.3751
187 190 5.17027
187 192 15.3605
188 187 13.3751
188 189 4.38032
188 190 16.1441
188 191 18.0529
189 185 18.7907
189 188 4.38032
189 191 17.4742
190 184 10.0031
190 187 5.17027
190 188 16.1441
190 191 3.63162
191 184 12.3793
191 185 5.27673
191 188 18.0529
191 189 17.4742
191 190 3.63162
192 202 3.1303
192 203 4.50254
192 184 23.1848
192 187 15.3605
192 193 9.5629
192 220 1.38795
192 198 13.8154
192 213 5.58765
192 217 3.19483
192 219 3.22372
193 201 4.47711
193 203 5.48522
193 192 9.5629
193 222 2.24995
193 200 2.522
193 204 5.19127
193 207 4.29143
194 197 2.02609
194 208 2.90117
194 209 2.52303
194 195 1.80283
194 261 2.60288
195 196 2.88299
195 208 2.33001
195 194 1.80283
196 208 3.15967
196 195 2.88299
196 204 2.77179
196 205 2.94859
196 206 3.10962
197 194 2.02609
197 261 2.401
197 301 2.17208
198 199 8.47157
198 3 20.8041
198 184 13.3893
198 192 13.8154
198 212 6.09109
198 213 8.96935
199 210 8.55327
199 3 17.4704
199 52 9.75016
199 198 8.47157
199 211 6.47042
199 212 10.735
199 214 7.92542
200 201 1.95521
200 221 2.84469
200 193 2.522
200 222 2.86181
200 215 2.34236
201 202 2.0187
201 203 1.71431
201 193 4.47711
201 200 1.95521
201 215 1.50048
202 201 2.0187
202 203 1.58893
202 192 3.1303
202 215 2.882
202 217 1.80726
203 201 1.71431
203 202 1.58893
203 192 4.50254
203 193 5.48522
204 196 2.77179
204 193 5.19127
204 205 3.52219
204 206 1.38724
204 207 3.7546
205 196 2.94859
205 208 2.59954
205 204 3.52219
205 206 2.53794
205 233 2.2307
205 234 2.06843
206 196 3.10962
206 204 1.38724
206 205 2.53794
206 207 2.81834
206 234 1.98113
207 223 3.90494
207 193 4.29143
207 222 3.46345
207 224 3.20313
207 204 3.7546
207 206 2.81834
207 230 3.51838
207 231 3.88987
207 232 4.03083
207 234 2.48993
208 196 3.15967
208 254 2.46454
208 209 1.50983
208 194 2.90117
208 195 2.33001
208 205 2.59954
208 233 3.19409
209 208 1.50983
209 254 2.25899
209 194 2.52303
209 260 1.77563
209 261 1.06151
210 199 8.55327
210 211 7.41818
210 214 4.86043
210 238 4.09709
210 239 4.26314
210 240 5.39151
210 241 5.3617
210 266 6.66795
211 210 7.41818
211 199 6.47042
211 52 4.31777
211 53 5.27934
211 237 4.32816
211 238 5.44124
212 199 10.735
212 198 6.09109
212 213 4.87036
212 227 4.52925
212 228 4.97069
212 214 4.50215
212 243 5.68502
213 192 5.58765
213 198 8.96935
213 212 4.87036
213 219 2.40632
213 243 2.04269
214 210 4.86043
214 199 7.92542
214 226 5.50908
214 212 4.50215
214 227 5.42897
214 239 4.39684
214 242 6.37849
215 201 1.50048
215 202 2.882
215 221 2.11651
215 222 3.72013
215 200 2.34236
215 216 1.75619
215 217 2.42577
216 221 2.13557
216 229 2.5743
216 215 1.75619
216 217 2.69612
216 218 1.08861
217 202 1.80726
217 192 3.19483
217 220 2.53409
217 215 2.42577
217 216 2.69612
217 218 2.26155
217 219 2.45455
217 243 3.09564
218 228 3.51855
218 229 3.29533
218 216 1.08861
218 217 2.26155
218 243 1.29643
219 192 3.22372
219 220 1.84481
219 213 2.40632
219 217 2.45455
219 243 2.47256
220 192 1.38795
220 217 2.53409
220 219 1.84481
221 223 1.95859
221 222 2.12657
221 200 2.84469
221 229 2.20432
221 215 2.11651
221 216 2.13557
222 223 2.13493
222 221 2.12657
222 193 2.24995
222 224 3.79515
222 200 2.86181
222 207 3.46345
222 215 3.72013
223 221 1.95859
223 222 2.13493
223 224 2.31117
223 225 2.80852
223 207 3.90494
223 229 1.87387
224 223 2.31117
224 222 3.79515
224 225 1.76528
224 207 3.20313
224 229 3.44231
224 230 2.32328
224 323 3.37266
225 223 2.80852
225 224 1.76528
225 226 2.41568
225 227 2.6826
225 228 3.13208
225 229 2.83617
225 323 3.15218
225 334 2.05342
226 225 2.41568
226 227 1.89854
226 214 5.50908
226 239 3.18686
226 242 2.24579
226 334 1.97504
227 225 2.6826
227 226 1.89854
227 212 4.52925
227 228 2.31808
227 214 5.42897
228 225 3.13208
228 212 4.97069
228 227 2.31808
228 229 1.7443
228 218 3.51855
228 243 3.30448
229 223 1.87387
229 221 2.20432
229 224 3.44231
229 225 2.83617
229 228 1.7443
229 216 2.5743
229 218 3.29533
230 224 2.32328
230 207 3.51838
230 231 1.84722
230 321 2.61437
230 322 1.986
230 323 2.20712
231 207 3.88987
231 230 1.84722
231 232 1.17377
231 321 1.78067
231 324 4.13383
231 325 3.27469
232 207 4.03083
232 231 1.17377
232 233 2.17727
232 234 2.3477
232 324 4.23788
232 325 2.96951
233 208 3.19409
233 254 1.68805
233 205 2.2307
233 232 2.17727
233 234 3.04828
233 325 3.07936
233 327 1.88921
234 205 2.06843
234 206 1.98113
234 207 2.48993
234 232 2.3477
234 233 3.04828
235 53 3.19448
235 236 1.44188
235 237 3.22164
235 336 2.1555
236 53 4.10344
236 87 1.76566
236 155 2.32772
236 235 1.44188
236 335 2.92744
236 336 2.96336
237 53 2.82742
237 211 4.32816
237 235 3.22164
237 238 3.28104
237 336 3.5097
238 210 4.09709
238 237 3.28104
238 211 5.44124
238 266 4.01801
238 336 4.21725
239 210 4.26314
239 226 3.18686
239 214 4.39684
239 240 3.17295
239 242 2.42712
240 210 5.39151
240 239 3.17295
240 241 3.78073
240 242 3.0168
240 322 3.64569
240 323 3.77199
240 329 2.17884
240 330 2.07176
241 210 5.3617
241 240 3.78073
241 266 3.56612
241 272 2.25333
241 291 2.15162
241 328 2.22001
241 329 2.76911
242 226 2.24579
242 214 6.37849
242 239 2.42712
242 240 3.0168
242 323 1.58695
242 334 1.78481
243 212 5.68502
243 213 2.04269
243 228 3.30448
243 217 3.09564
243 218 1.29643
243 219 2.47256
244 247 2.42631
244 245 1.88897
244 248 1.87793
244 249 1.65644
244 253 1.55057
245 244 1.88897
245 246 1.55823
245 248 1.00749
245 264 1.38154
246 255 2.18024
246 245 1.55823
246 256 2.73689
246 258 2.40917
246 264 1.19048
247 244 2.42631
247 302 1.66027
247 253 1.56696
247 305 1.60331
248 244 1.87793
248 245 1.00749
248 249 2.05215
248 262 2.21998
248 264 1.57822
248 265 1.73279
249 244 1.65644
249 248 2.05215
249 250 1.61445
249 251 1.83411
249 252 1.45197
249 253 1.45261
249 265 2.30956
250 249 1.61445
250 251 1.49606
250 265 1.50364
250 269 2.90721
250 271 1.89181
251 249 1.83411
251 250 1.49606
251 252 1.16756
251 271 2.06281
251 282 1.15151
251 284 1.8557
252 249 1.45197
252 251 1.16756
252 253 1.53255
252 282 1.69966
252 284 1.46315
252 307 1.55497
253 244 1.55057
253 247 1.56696
253 249 1.45261
253 252 1.53255
253 307 2.00881
253 305 1.77976
254 208 2.46454
254 209 2.25899
254 233 1.68805
254 259 3.56879
254 260 1.71247
254 327 1.44741
255 246 2.18024
255 256 1.24497
255 257 1.36675
255 258 1.11087
255 260 2.76247
256 255 1.24497
256 246 2.73689
256 259 2.04306
256 260 1.99183
256 263 2.40712
256 264 3.09964
257 255 1.36675
257 258 1.42879
257 260 2.37498
257 261 2.04733
257 301 0.764677
258 255 1.11087
258 246 2.40917
258 257 1.42879
258 301 1.61214
259 254 3.56879
259 256 2.04306
259 260 3.10681
259 262 2.63402
259 263 2.08256
259 267 3.53874
259 268 2.83722
259 326 2.07059
259 327 2.61179
260 254 1.71247
260 209 1.77563
260 255 2.76247
260 256 1.99183
260 257 2.37498
260 259 3.10681
260 261 1.58519
261 197 2.401
261 209 1.06151
261 194 2.60288
261 257 2.04733
261 260 1.58519
261 301 2.20646
262 248 2.21998
262 259 2.63402
262 263 1.35669
262 264 1.60292
262 265 1.86294
262 267 1.5788
262 268 2.88219
263 256 2.40712
263 259 2.08256
263 262 1.35669
263 264 1.0123
264 245 1.38154
264 246 1.19048
264 248 1.57822
264 256 3.09964
264 262 1.60292
264 263 1.0123
265 248 1.73279
265 249 2.30956
265 250 1.50364
265 262 1.86294
265 267 1.81805
265 269 3.13001
265 270 2.61445
266 210 6.66795
266 238 4.01801
266 241 3.56612
266 272 2.40686
266 273 2.70913
266 274 2.2741
266 336 2.92681
267 259 3.53874
267 262 1.5788
267 265 1.81805
267 268 2.22785
267 269 2.80206
267 270 1.38828
268 259 2.83722
268 262 2.88219
268 267 2.22785
268 270 2.59308
268 276 1.8531
268 277 2.27685
268 324 2.69651
268 325 3.3697
268 326 2.40588
269 250 2.90721
269 265 3.13001
269 267 2.80206
269 270 1.67243
269 271 1.71781
269 275 1.68975
269 276 2.90928
269 280 1.55469
269 290 2.19402
270 265 2.61445
270 267 1.38828
270 268 2.59308
270 269 1.67243
270 275 1.81899
270 276 1.63532
271 250 1.89181
271 251 2.06281
271 269 1.71781
271 278 1.27056
271 279 2.29591
271 280 2.44938
271 281 2.14682
271 282 2.44344
272 241 2.25333
272 266 2.40686
272 273 1.4302
272 290 2.20942
272 291 1.51858
273 266 2.70913
273 272 1.4302
273 274 2.14761
273 290 1.59247
273 342 1.87047
274 266 2.2741
274 273 2.14761
274 290 3.61113
274 335 2.52297
274 336 3.32208
274 337 2.17711
274 339 2.70844
274 342 2.42019
275 269 1.68975
275 270 1.81899
275 276 1.87411
275 280 1.95785
275 290 1.27901
276 268 1.8531
276 269 2.90928
276 270 1.63532
276 275 1.87411
276 277 2.03272
276 290 3.08882
276 324 3.62655
276 333 1.62487
277 268 2.27685
277 276 2.03272
277 324 1.99242
277 328 1.96539
277 329 1.9999
277 330 2.24432
277 331 2.66746
277 333 2.03157
278 271 1.27056
278 279 1.29879
278 281 1.19169
279 271 2.29591
279 278 1.29879
279 280 2.01715
279 281 2.06589
279 286 2.53643
279 340 2.22424
279 341 1.65114
279 342 1.97224
279 343 2.03324
280 269 1.55469
280 271 2.44938
280 275 1.95785
280 279 2.01715
280 290 1.37702
280 342 1.5683
281 271 2.14682
281 278 1.19169
281 279 2.06589
281 282 1.44771
281 283 2.04167
281 286 1.58586
281 343 2.23376
282 251 1.15151
282 252 1.69966
282 271 2.44344
282 281 1.44771
282 283 1.97324
282 284 1.2669
283 281 2.04167
283 282 1.97324
283 284 1.95563
283 285 1.93728
283 286 1.78908
283 287 2.91691
283 296 1.7954
283 299 2.03539
283 307 2.89495
283 309 2.72924
284 251 1.8557
284 252 1.46315
284 282 1.2669
284 283 1.95563
284 285 2.14947
284 307 1.12114
285 283 1.93728
285 284 2.14947
285 308 2.67767
285 299 2.24168
285 307 2.29487
285 309 1.75781
285 304 1.43044
285 312 2.1195
286 279 2.53643
286 281 1.58586
286 283 1.78908
286 287 1.63631
286 343 1.1876
287 283 2.91691
287 286 1.63631
287 292 2.12799
287 294 2.03916
287 295 1.18486
287 296 1.64222
287 297 1.25847
287 340 2.31312
287 343 1.5187
288 128 1.42859
288 156 1.36811
288 157 2.03728
288 289 1.55328
288 318 1.33387
289 156 2.20769
289 157 1.28974
289 288 1.55328
289 299 1.31901
289 309 1.65023
289 314 2.09116
289 318 2.46
290 269 2.19402
290 272 2.20942
290 273 1.59247
290 274 3.61113
290 275 1.27901
290 276 3.08882
290 280 1.37702
290 291 2.01177
290 333 2.52477
290 342 2.1377
291 241 2.15162
291 272 1.51858
291 290 2.01177
291 328 1.48909
291 333 1.34993
292 152 1.47228
292 287 2.12799
292 293 2.28282
292 294 1.49421
292 297 1.41615
292 298 2.10598
292 300 1.72542
293 152 2.43611
293 153 1.71584
293 155 2.43372
293 292 2.28282
293 294 2.01936
293 337 2.54689
293 338 1.25007
293 339 2.84809
293 340 3.13977
294 287 2.03916
294 292 1.49421
294 293 2.01936
294 297 2.24017
294 340 1.46972
294 343 2.15758
295 157 1.13041
295 287 1.18486
295 296 1.06332
295 297 1.11128
295 298 1.64605
295 299 1.90247
296 157 1.59135
296 283 1.7954
296 287 1.64222
296 295 1.06332
296 299 1.19453
297 287 1.25847
297 292 1.41615
297 294 2.24017
297 295 1.11128
297 298 1.2238
297 300 1.87199
298 151 1.22116
298 156 1.44477
298 157 1.43788
298 292 2.10598
298 295 1.64605
298 297 1.2238
298 300 1.30899
299 157 1.6215
299 283 2.03539
299 285 2.24168
299 289 1.31901
299 295 1.90247
299 296 1.19453
299 309 1.36045
300 151 1.23644
300 152 1.34481
300 292 1.72542
300 297 1.87199
300 298 1.30899
301 197 2.17208
301 257 0.764677
301 258 1.61214
301 261 2.20646
302 247 1.66027
302 11 2.20714
302 303 1.90718
302 304 2.62737
302 305 1.99119
302 319 1.55741
303 302 1.90718
303 10 1.37279
303 11 0.903704
303 319 1.33011
303 320 1.64119
304 302 2.62737
304 285 1.43044
304 308 2.11721
304 307 1.87166
304 305 1.8972
304 319 1.50566
304 320 1.84767
305 247 1.60331
305 302 1.99119
305 253 1.77976
305 307 0.883571
305 304 1.8972
306 9 2.0449
306 10 1.50167
306 28 0.884455
306 308 1.58155
306 311 1.32322
306 320 1.77614
307 252 1.55497
307 253 2.00881
307 283 2.89495
307 284 1.12114
307 285 2.29487
307 304 1.87166
307 305 0.883571
308 306 1.58155
308 10 2.29045
308 310 0.928825
308 285 2.67767
308 304 2.11721
308 311 2.0269
308 312 1.96545
308 320 0.908905
309 283 2.72924
309 285 1.75781
309 289 1.65023
309 299 1.36045
309 312 0.942194
309 314 2.36268
310 308 0.928825
310 311 1.69137
310 312 1.28487
310 313 1.17893
311 306 1.32322
311 27 1.69182
311 28 1.3063
311 31 1.07961
311 310 1.69137
311 308 2.0269
311 313 1.76569
311 317 1.96466
312 310 1.28487
312 285 2.1195
312 308 1.96545
312 309 0.942194
312 313 1.32755
312 314 2.05154
313 310 1.17893
313 311 1.76569
313 312 1.32755
313 314 1.55735
313 316 1.17904
313 317 1.42244
314 289 2.09116
314 309 2.36268
314 312 2.05154
314 313 1.55735
314 315 1.87728
314 316 0.856764
314 318 1.32724
315 150 1.45141
315 88 2.03581
315 89 1.55633
315 314 1.87728
315 316 1.64942
315 317 1.69244
315 318 1.5433
315 415 1.38042
316 313 1.17904
316 314 0.856764
316 315 1.64942
316 317 0.784948
317 31 1.09991
317 89 1.63089
317 311 1.96466
317 313 1.42244
317 315 1.69244
317 316 0.784948
318 416 2.14903
318 128 1.70155
318 288 1.33387
318 289 2.46
318 314 1.32724
318 315 1.5433
318 415 1.79247
319 302 1.55741
319 303 1.33011
319 304 1.50566
319 320 1.29434
320 306 1.77614
320 10 1.78111
320 308 0.908905
320 303 1.64119
320 304 1.84767
320 319 1.29434
321 230 2.61437
321 231 1.78067
321 322 1.77408
321 324 2.69092
321 332 1.28597
322 230 1.986
322 240 3.64569
322 321 1.77408
322 323 1.05432
322 330 3.38398
322 331 2.74877
322 332 2.01856
323 224 3.37266
323 225 3.15218
323 230 2.20712
323 240 3.77199
323 242 1.58695
323 322 1.05432
323 334 1.18479
324 231 4.13383
324 232 4.23788
324 268 2.69651
324 276 3.62655
324 277 1.99242
324 321 2.69092
324 325 1.66177
324 330 2.19069
324 331 1.97581
324 332 2.12388
325 231 3.27469
325 232 2.96951
325 233 3.07936
325 268 3.3697
325 324 1.66177
325 326 1.45386
325 327 2.36716
326 259 2.07059
326 268 2.40588
326 325 1.45386
326 327 2.04396
327 254 1.44741
327 233 1.88921
327 259 2.61179
327 325 2.36716
327 326 2.04396
328 241 2.22001
328 277 1.96539
328 291 1.48909
328 329 1.75325
328 333 1.03809
329 240 2.17884
329 241 2.76911
329 277 1.9999
329 328 1.75325
329 330 1.46427
330 240 2.07176
330 277 2.24432
330 322 3.38398
330 324 2.19069
330 329 1.46427
330 331 0.746367
331 277 2.66746
331 322 2.74877
331 324 1.97581
331 330 0.746367
331 332 0.969258
332 321 1.28597
332 322 2.01856
332 324 2.12388
332 331 0.969258
333 276 1.62487
333 277 2.03157
333 290 2.52477
333 291 1.34993
333 328 1.03809
334 225 2.05342
334 226 1.97504
334 242 1.78481
334 323 1.18479
335 155 2.29025
335 236 2.92744
335 274 2.52297
335 336 2.60597
335 337 1.97499
335 338 1.89891
336 236 2.96336
336 237 3.5097
336 235 2.1555
336 238 4.21725
336 266 2.92681
336 274 3.32208
336 335 2.60597
337 274 2.17711
337 293 2.54689
337 335 1.97499
337 338 1.49055
337 339 1.10253
337 340 2.26855
338 155 2.18556
338 293 1.25007
338 335 1.89891
338 337 1.49055
338 339 2.18419
338 340 2.94092
339 274 2.70844
339 293 2.84809
339 337 1.10253
339 338 2.18419
339 340 1.21988
339 341 1.41458
339 342 2.35389
340 279 2.22424
340 287 2.31312
340 293 3.13977
340 294 1.46972
340 337 2.26855
340 338 2.94092
340 339 1.21988
340 341 1.73806
340 343 1.35819
341 279 1.65114
341 339 1.41458
341 340 1.73806
341 342 1.06212
342 273 1.87047
342 274 2.42019
342 279 1.97224
342 280 1.5683
342 290 2.1377
342 339 2.35389
342 341 1.06212
343 279 2.03324
343 281 2.23376
343 286 1.1876
343 287 1.5187
343 294 2.15758
343 340 1.35819
344 123 2.32909
344 125 2.28929
344 126 2.17223
344 401 1.93614
344 408 2.23636
344 410 1.67291
345 122 1.30454
345 123 1.79476
345 129 1.75155
345 125 1.69998
345 127 1.10663
345 128 2.16072
346 416 1.33243
346 150 1.74494
346 125 1.91738
346 127 1.81653
346 165 2.24981
346 415 1.41983
346 411 1.44874
347 349 9.62574
347 186 11.0071
348 349 9.61613
349 347 9.62574
349 348 9.61613
350 0 19.8334
350 351 14.7721
351 350 14.7721
351 0 10.28
351 357 6.01159
351 422 7.34517
352 353 8.64149
352 354 6.16747
352 5 7.60308
352 24 3.69232
353 356 4.43406
353 354 6.40827
353 3 13.9189
353 4 7.48538
353 5 7.17153
353 352 8.64149
354 356 5.09177
354 353 6.40827
354 24 5.76455
354 355 3.75764
354 352 6.16747
355 356 5.78985
355 354 3.75764
355 3 14.1669
355 21 5.21476
355 24 8.04623
356 353 4.43406
356 354 5.09177
356 3 10.944
356 355 5.78985
357 358 9.51679
357 351 6.01159
357 363 6.37254
357 364 8.55339
357 422 8.19787
358 362 11.4528
358 357 9.51679
358 359 11.1651
358 360 6.85839
358 363 9.27693
359 358 11.1651
359 361 3.62245
359 360 7.14398
359 382 7.0583
359 383 5.21343
359 385 5.15698
360 358 6.85839
360 362 7.61193
360 359 7.14398
360 365 4.08105
360 385 3.36469
361 22 4.87276
361 23 6.3707
361 83 8.42183
361 359 3.62245
361 366 9.49802
361 382 8.7419
362 358 11.4528
362 367 4.38452
362 368 3.94072
362 365 3.81823
362 360 7.61193
362 363 6.7344
362 369 3.19603
362 386 4.29356
362 387 5.39789
363 358 9.27693
363 362 6.7344
363 357 6.37254
363 364 4.89687
363 369 5.20206
363 423 6.99367
364 45 4.99059
364 357 8.55339
364 363 4.89687
364 422 4.9457
364 423 3.60759
365 362 3.81823
365 360 4.08105
365 385 5.41536
365 386 2.27054
366 361 9.49802
366 83 2.68106
366 370 2.97587
366 382 3.73121
366 391 2.13587
367 362 4.38452
367 368 2.13946
367 376 3.23108
367 377 2.13883
367 417 1.94997
367 387 2.98601
368 362 3.94072
368 80 4.39338
368 367 2.13946
368 376 1.41267
368 377 2.68219
368 369 3.62475
369 362 3.19603
369 80 4.37635
369 368 3.62475
369 363 5.20206
369 423 4.81895
370 81 1.40929
370 83 4.0415
370 126 2.12489
370 366 2.97587
370 397 3.19197
370 391 3.2017
371 22 1.52459
371 47 1.5039
371 20 5.22016
371 21 8.66228
371 49 1.12008
371 82 6.8185
371 372 4.46701
372 381 1.41927
372 47 3.10149
372 82 2.60913
372 84 2.44011
372 379 2.00994
372 371 4.46701
373 77 1.73623
373 79 3.17664
373 118 2.02914
373 146 1.82232
373 374 1.84831
374 79 2.20003
374 146 3.40166
374 375 2.6552
374 376 2.75717
374 377 1.34895
374 373 1.84831
374 419 3.66972
375 80 2.5519
375 79 2.31309
375 374 2.6552
375 376 1.2986
375 377 3.26068
376 80 3.21719
376 367 3.23108
376 368 1.41267
376 374 2.75717
376 375 1.2986
376 377 2.77355
377 146 3.31558
377 367 2.13883
377 368 2.68219
377 374 1.34895
377 375 3.26068
377 376 2.77355
377 417 2.20223
377 419 3.06054
378 48 3.79403
378 54 2.09004
378 87 1.80648
378 84 2.98085
378 131 2.89386
378 379 2.58145
378 380 1.18512
379 381 1.78193
379 47 2.09895
379 48 1.51585
379 54 2.85604
379 378 2.58145
379 380 1.90689
379 372 2.00994
380 381 0.882154
380 84 2.13693
380 378 1.18512
380 379 1.90689
381 84 1.79047
381 379 1.78193
381 380 0.882154
381 372 1.41927
382 361 8.7419
382 359 7.0583
382 366 3.73121
382 397 4.96502
382 383 3.09044
382 388 3.04988
382 389 4.16827
382 391 3.5272
383 359 5.21343
383 382 3.09044
383 384 4.02667
383 385 2.41984
383 388 4.57985
383 390 5.1726
384 383 4.02667
384 385 4.19889
384 386 2.91152
384 388 3.84284
384 390 3.19567
384 392 3.25441
384 395 2.07981
385 359 5.15698
385 365 5.41536
385 360 3.36469
385 383 2.41984
385 384 4.19889
385 386 5.76002
386 362 4.29356
386 365 2.27054
386 384 2.91152
386 385 5.76002
386 387 4.31767
386 392 3.35498
387 362 5.39789
387 367 2.98601
387 418 2.8159
387 417 2.6711
387 386 4.31767
387 392 2.99108
387 393 2.65762
387 394 3.80358
388 382 3.04988
388 383 4.57985
388 384 3.84284
388 389 2.21168
388 390 1.35709
388 396 2.90478
389 397 2.54871
389 382 4.16827
389 398 2.61566
389 388 2.21168
389 390 2.89236
389 391 2.85362
389 396 1.22739
390 164 4.08156
390 383 5.1726
390 384 3.19567
390 399 2.54474
390 388 1.35709
390 389 2.89236
390 395 1.65384
390 396 3.04653
391 366 2.13587
391 397 1.67025
391 370 3.2017
391 382 3.5272
391 389 2.85362
392 384 3.25441
392 399 3.03311
392 386 3.35498
392 387 2.99108
392 393 3.44931
392 395 1.96618
392 400 4.79546
393 387 2.65762
393 392 3.44931
393 394 1.90291
393 400 2.08961
394 148 1.94384
394 418 1.9018
394 387 3.80358
394 393 1.90291
394 400 2.38798
394 406 2.2057
394 419 2.79924
395 384 2.07981
395 399 2.89153
395 390 1.65384
395 392 1.96618
396 164 1.68195
396 397 3.19281
396 398 2.80283
396 399 2.87751
396 388 2.90478
396 389 1.22739
396 390 3.04653
397 126 3.13337
397 370 3.19197
397 382 4.96502
397 398 1.1154
397 389 2.54871
397 391 1.67025
397 396 3.19281
397 401 2.50595
398 164 3.60165
398 397 1.1154
398 389 2.61566
398 396 2.80283
398 401 2.02265
398 402 1.63048
399 164 2.66563
399 390 2.54474
399 392 3.03311
399 395 2.89153
399 396 2.87751
399 400 3.51661
399 404 3.3025
400 399 3.51661
400 392 4.79546
400 393 2.08961
400 394 2.38798
400 403 3.00447
400 404 1.77171
400 406 2.16732
401 126 1.59179
401 344 1.93614
401 397 2.50595
401 398 2.02265
401 402 2.28617
401 408 2.38324
402 164 2.96118
402 398 1.63048
402 401 2.28617
402 407 2.48938
402 408 2.20782
403 148 3.58832
403 160 2.97446
403 163 2.24607
403 400 3.00447
403 404 2.55301
403 405 1.32256
403 406 2.22481
404 163 1.99108
404 164 3.02505
404 399 3.3025
404 400 1.77171
404 403 2.55301
405 109 1.95581
405 110 2.86417
405 112 2.49051
405 113 1.61337
405 148 3.86326
405 149 2.30615
405 160 2.59997
405 163 3.19008
405 403 1.32256
405 406 2.86241
406 148 1.5041
406 394 2.2057
406 400 2.16732
406 403 2.22481
406 405 2.86241
407 161 2.05876
407 164 3.62549
407 402 2.48938
407 408 2.16365
407 412 2.3611
407 413 2.55852
408 344 2.23636
408 401 2.38324
408 402 2.20782
408 407 2.16365
408 410 2.80097
408 413 1.38458
409 125 2.70976
409 165 1.07835
409 410 1.97252
409 412 2.12149
409 413 1.3372
410 409 1.97252
410 125 1.01131
410 165 2.53638
410 344 1.67291
410 408 2.80097
410 413 2.31465
411 150 1.79233
411 125 2.87408
411 134 1.54483
411 137 3.26086
411 165 1.16204
411 346 1.44874
411 414 1.95355
412 409 2.12149
412 158 2.09929
412 161 3.05377
412 162 1.1223
412 165 2.67691
412 407 2.3611
412 413 1.75136
413 409 1.3372
413 407 2.55852
413 408 1.38458
413 410 2.31465
413 412 1.75136
414 133 1.8255
414 134 1.10196
414 137 1.32691
414 138 1.78861
414 165 1.86267
414 411 1.95355
415 416 1.48021
415 150 0.946254
415 315 1.38042
415 318 1.79247
415 346 1.41983
416 127 0.836998
416 128 1.39676
416 318 2.14903
416 346 1.33243
416 415 1.48021
417 367 1.94997
417 377 2.20223
417 418 1.55232
417 387 2.6711
417 419 2.13601
418 417 1.55232
418 387 2.8159
418 394 1.9018
418 419 1.67403
419 146 1.34943
419 148 3.22313
419 374 3.66972
419 377 3.06054
419 418 1.67403
419 417 2.13601
419 394 2.79924
419 420 2.30889
420 145 1.2505
420 146 2.33189
420 147 1.07701
420 148 1.56268
420 419 2.30889
421 86 1.96006
421 85 1.52658
421 132 2.26133
421 130 1.32075
422 0 11.1898
422 45 6.56209
422 351 7.34517
422 357 8.19787
422 364 4.9457
423 45 3.91494
423 46 4.63673
423 80 2.52575
423 363 6.99367
423 364 3.60759
423 369 4.81895
424 6 6.64182
424 426 9.21391
424 425 8.72449
425 424 8.72449
425 426 3.49357
426 6 10.7977
426 7 4.00563
426 424 9.21391
426 425 3.49357
182329
0 0 2.05917
0 1 2.95041
0 2 8.7686
0 3 11.0379
0 4 95.5806
0 5 9.778
0 6 19.17
0 7 0.282905
0 8 2.03207
0 9 85.4801
0 10 39.5598
0 11 113.224
0 12 65.1831
0 13 7.69779
0 14 18.2785
0 15 12.2478
0 16 58.0844
0 17 12.8654
0 18 2.29277
0 19 10.3471
